<!DOCTYPE MeshLabDocument>
<MeshLabProject>
<MeshGroup/>
<RasterGroup>
<MLRaster label="000000.png">
<VCGCamera TranslationVector="0.000000 0.000000 -0.000000 1" RotationMatrix="1.000000 -0.000000 -0.000000 0.000000 0.000000 -1.000000 -0.000000 0.000000 0.000000 -0.000000 -1.000000 0.000000 0.000000 0.000000 0.000000 1.000000 " CenterPx="602 183" ViewportPx="1226 370" FocalMm="4" LensDistortion="0 0" PixelSizeMm="0.005657 0.005657"/>
 <Plane semantic="1" fileName="000000.png"/>
</MLRaster>
<MLRaster label="000001.png">
<VCGCamera TranslationVector="-0.001289 0.018216 -1.310643 1" RotationMatrix="1.000000 0.000904 0.000210 0.000000 0.000904 -0.999999 -0.001326 0.000000 0.000209 0.001326 -0.999999 0.000000 0.000000 0.000000 0.000000 1.000000 " CenterPx="602 183" ViewportPx="1226 370" FocalMm="4" LensDistortion="0 0" PixelSizeMm="0.005657 0.005657"/>
 <Plane semantic="1" fileName="000001.png"/>
</MLRaster>
<MLRaster label="000002.png">
<VCGCamera TranslationVector="-0.000445 0.042033 -2.625299 1" RotationMatrix="0.999999 0.001646 0.000554 0.000000 0.001647 -0.999997 -0.001860 0.000000 0.000551 0.001861 -0.999998 0.000000 0.000000 0.000000 0.000000 1.000000 " CenterPx="602 183" ViewportPx="1226 370" FocalMm="4" LensDistortion="0 0" PixelSizeMm="0.005657 0.005657"/>
 <Plane semantic="1" fileName="000002.png"/>
</MLRaster>
<MLRaster label="000003.png">
<VCGCamera TranslationVector="-0.002038 0.063028 -3.941730 1" RotationMatrix="0.999994 0.003413 0.000731 0.000000 0.003414 -0.999994 -0.000536 0.000000 0.000729 0.000539 -1.000000 0.000000 0.000000 0.000000 0.000000 1.000000 " CenterPx="602 183" ViewportPx="1226 370" FocalMm="4" LensDistortion="0 0" PixelSizeMm="0.005657 0.005657"/>
 <Plane semantic="1" fileName="000003.png"/>
</MLRaster>
<MLRaster label="000004.png">
<VCGCamera TranslationVector="-0.002778 0.084838 -5.261017 1" RotationMatrix="0.999993 0.003635 0.000643 0.000000 0.003636 -0.999993 -0.000814 0.000000 0.000640 0.000816 -1.000000 0.000000 0.000000 0.000000 0.000000 1.000000 " CenterPx="602 183" ViewportPx="1226 370" FocalMm="4" LensDistortion="0 0" PixelSizeMm="0.005657 0.005657"/>
 <Plane semantic="1" fileName="000004.png"/>
</MLRaster>
<MLRaster label="000005.png">
<VCGCamera TranslationVector="-0.004158 0.101468 -6.581638 1" RotationMatrix="0.999992 0.003925 0.000516 0.000000 0.003926 -0.999991 -0.001641 0.000000 0.000510 0.001643 -0.999999 0.000000 0.000000 0.000000 0.000000 1.000000 " CenterPx="602 183" ViewportPx="1226 370" FocalMm="4" LensDistortion="0 0" PixelSizeMm="0.005657 0.005657"/>
 <Plane semantic="1" fileName="000005.png"/>
</MLRaster>
<MLRaster label="000006.png">
<VCGCamera TranslationVector="-0.007571 0.116587 -7.908775 1" RotationMatrix="0.999985 0.005504 0.000417 0.000000 0.005505 -0.999981 -0.002694 0.000000 0.000402 0.002697 -0.999996 0.000000 0.000000 0.000000 0.000000 1.000000 " CenterPx="602 183" ViewportPx="1226 370" FocalMm="4" LensDistortion="0 0" PixelSizeMm="0.005657 0.005657"/>
 <Plane semantic="1" fileName="000006.png"/>
</MLRaster>
<MLRaster label="000007.png">
<VCGCamera TranslationVector="-0.008324 0.132803 -9.238962 1" RotationMatrix="0.999986 0.005185 0.000598 0.000000 0.005187 -0.999980 -0.003583 0.000000 0.000579 0.003586 -0.999993 0.000000 0.000000 0.000000 0.000000 1.000000 " CenterPx="602 183" ViewportPx="1226 370" FocalMm="4" LensDistortion="0 0" PixelSizeMm="0.005657 0.005657"/>
 <Plane semantic="1" fileName="000007.png"/>
</MLRaster>
<MLRaster label="000008.png">
<VCGCamera TranslationVector="-0.007728 0.149765 -10.569630 1" RotationMatrix="0.999989 0.004631 0.000860 0.000000 0.004632 -0.999988 -0.001867 0.000000 0.000852 0.001871 -0.999998 0.000000 0.000000 0.000000 0.000000 1.000000 " CenterPx="602 183" ViewportPx="1226 370" FocalMm="4" LensDistortion="0 0" PixelSizeMm="0.005657 0.005657"/>
 <Plane semantic="1" fileName="000008.png"/>
</MLRaster>
<MLRaster label="000009.png">
<VCGCamera TranslationVector="-0.006781 0.163455 -11.904260 1" RotationMatrix="0.999998 0.001901 0.000960 0.000000 0.001900 -0.999998 0.000784 0.000000 0.000962 -0.000782 -0.999999 0.000000 0.000000 0.000000 0.000000 1.000000 " CenterPx="602 183" ViewportPx="1226 370" FocalMm="4" LensDistortion="0 0" PixelSizeMm="0.005657 0.005657"/>
 <Plane semantic="1" fileName="000009.png"/>
</MLRaster>
<MLRaster label="000010.png">
<VCGCamera TranslationVector="-0.003419 0.176748 -13.242080 1" RotationMatrix="0.999999 -0.001544 0.000622 0.000000 -0.001545 -0.999997 0.001725 0.000000 0.000619 -0.001726 -0.999998 0.000000 0.000000 0.000000 0.000000 1.000000 " CenterPx="602 183" ViewportPx="1226 370" FocalMm="4" LensDistortion="0 0" PixelSizeMm="0.005657 0.005657"/>
 <Plane semantic="1" fileName="000010.png"/>
</MLRaster>
<MLRaster label="000011.png">
<VCGCamera TranslationVector="0.001862 0.195920 -14.580480 1" RotationMatrix="0.999992 -0.003963 0.000530 0.000000 -0.003963 -0.999991 0.001579 0.000000 0.000524 -0.001581 -0.999999 0.000000 0.000000 0.000000 0.000000 1.000000 " CenterPx="602 183" ViewportPx="1226 370" FocalMm="4" LensDistortion="0 0" PixelSizeMm="0.005657 0.005657"/>
 <Plane semantic="1" fileName="000011.png"/>
</MLRaster>
<MLRaster label="000012.png">
<VCGCamera TranslationVector="0.005852 0.217760 -15.930660 1" RotationMatrix="0.999987 -0.005190 0.000387 0.000000 -0.005190 -0.999986 0.000873 0.000000 0.000382 -0.000875 -1.000000 0.000000 0.000000 0.000000 0.000000 1.000000 " CenterPx="602 183" ViewportPx="1226 370" FocalMm="4" LensDistortion="0 0" PixelSizeMm="0.005657 0.005657"/>
 <Plane semantic="1" fileName="000012.png"/>
</MLRaster>
<MLRaster label="000013.png">
<VCGCamera TranslationVector="0.004268 0.236414 -17.282220 1" RotationMatrix="0.999996 -0.002993 -0.000029 0.000000 -0.002993 -0.999994 -0.001769 0.000000 -0.000023 0.001769 -0.999998 0.000000 0.000000 0.000000 0.000000 1.000000 " CenterPx="602 183" ViewportPx="1226 370" FocalMm="4" LensDistortion="0 0" PixelSizeMm="0.005657 0.005657"/>
 <Plane semantic="1" fileName="000013.png"/>
</MLRaster>
<MLRaster label="000014.png">
<VCGCamera TranslationVector="-0.000483 0.253748 -18.634690 1" RotationMatrix="1.000000 0.000899 -0.000252 0.000000 0.000898 -0.999992 -0.003998 0.000000 -0.000256 0.003998 -0.999992 0.000000 0.000000 0.000000 0.000000 1.000000 " CenterPx="602 183" ViewportPx="1226 370" FocalMm="4" LensDistortion="0 0" PixelSizeMm="0.005657 0.005657"/>
 <Plane semantic="1" fileName="000014.png"/>
</MLRaster>
<MLRaster label="000015.png">
<VCGCamera TranslationVector="-0.005006 0.269910 -19.986700 1" RotationMatrix="0.999993 0.003639 0.000040 0.000000 0.003639 -0.999992 -0.001831 0.000000 0.000033 0.001832 -0.999998 0.000000 0.000000 0.000000 0.000000 1.000000 " CenterPx="602 183" ViewportPx="1226 370" FocalMm="4" LensDistortion="0 0" PixelSizeMm="0.005657 0.005657"/>
 <Plane semantic="1" fileName="000015.png"/>
</MLRaster>
<MLRaster label="000016.png">
<VCGCamera TranslationVector="-0.004135 0.293109 -21.341270 1" RotationMatrix="0.999987 0.005119 0.000232 0.000000 0.005119 -0.999987 0.000554 0.000000 0.000235 -0.000553 -1.000000 0.000000 0.000000 0.000000 0.000000 1.000000 " CenterPx="602 183" ViewportPx="1226 370" FocalMm="4" LensDistortion="0 0" PixelSizeMm="0.005657 0.005657"/>
 <Plane semantic="1" fileName="000016.png"/>
</MLRaster>
<MLRaster label="000017.png">
<VCGCamera TranslationVector="0.000765 0.322230 -22.705750 1" RotationMatrix="0.999996 0.002849 -0.000426 0.000000 0.002850 -0.999994 0.002067 0.000000 -0.000420 -0.002068 -0.999998 0.000000 0.000000 0.000000 0.000000 1.000000 " CenterPx="602 183" ViewportPx="1226 370" FocalMm="4" LensDistortion="0 0" PixelSizeMm="0.005657 0.005657"/>
 <Plane semantic="1" fileName="000017.png"/>
</MLRaster>
<MLRaster label="000018.png">
<VCGCamera TranslationVector="0.007369 0.346812 -24.072100 1" RotationMatrix="0.999999 -0.000142 -0.001245 0.000000 -0.000142 -1.000000 0.000766 0.000000 -0.001246 -0.000766 -0.999999 0.000000 0.000000 0.000000 0.000000 1.000000 " CenterPx="602 183" ViewportPx="1226 370" FocalMm="4" LensDistortion="0 0" PixelSizeMm="0.005657 0.005657"/>
 <Plane semantic="1" fileName="000018.png"/>
</MLRaster>
<MLRaster label="000019.png">
<VCGCamera TranslationVector="0.009719 0.368742 -25.448680 1" RotationMatrix="0.999997 -0.001441 -0.001942 0.000000 -0.001451 -0.999984 -0.005427 0.000000 -0.001934 0.005430 -0.999983 0.000000 0.000000 0.000000 0.000000 1.000000 " CenterPx="602 183" ViewportPx="1226 370" FocalMm="4" LensDistortion="0 0" PixelSizeMm="0.005657 0.005657"/>
 <Plane semantic="1" fileName="000019.png"/>
</MLRaster>
<MLRaster label="000020.png">
<VCGCamera TranslationVector="0.005061 0.387140 -26.820300 1" RotationMatrix="0.999997 0.001051 -0.002369 0.000000 0.001038 -0.999985 -0.005465 0.000000 -0.002375 0.005463 -0.999982 0.000000 0.000000 0.000000 0.000000 1.000000 " CenterPx="602 183" ViewportPx="1226 370" FocalMm="4" LensDistortion="0 0" PixelSizeMm="0.005657 0.005657"/>
 <Plane semantic="1" fileName="000020.png"/>
</MLRaster>
<MLRaster label="000021.png">
<VCGCamera TranslationVector="-0.001962 0.409938 -28.194720 1" RotationMatrix="0.999984 0.005339 -0.001951 0.000000 0.005331 -0.999978 -0.003888 0.000000 -0.001972 0.003877 -0.999991 0.000000 0.000000 0.000000 0.000000 1.000000 " CenterPx="602 183" ViewportPx="1226 370" FocalMm="4" LensDistortion="0 0" PixelSizeMm="0.005657 0.005657"/>
 <Plane semantic="1" fileName="000021.png"/>
</MLRaster>
<MLRaster label="000022.png">
<VCGCamera TranslationVector="-0.005282 0.432898 -29.570120 1" RotationMatrix="0.999980 0.005933 -0.001985 0.000000 0.005931 -0.999981 -0.001317 0.000000 -0.001993 0.001305 -0.999997 0.000000 0.000000 0.000000 0.000000 1.000000 " CenterPx="602 183" ViewportPx="1226 370" FocalMm="4" LensDistortion="0 0" PixelSizeMm="0.005657 0.005657"/>
 <Plane semantic="1" fileName="000022.png"/>
</MLRaster>
<MLRaster label="000023.png">
<VCGCamera TranslationVector="-0.007939 0.459118 -30.949840 1" RotationMatrix="0.999978 0.006177 -0.002397 0.000000 0.006180 -0.999980 0.000975 0.000000 -0.002391 -0.000990 -0.999997 0.000000 0.000000 0.000000 0.000000 1.000000 " CenterPx="602 183" ViewportPx="1226 370" FocalMm="4" LensDistortion="0 0" PixelSizeMm="0.005657 0.005657"/>
 <Plane semantic="1" fileName="000023.png"/>
</MLRaster>
<MLRaster label="000024.png">
<VCGCamera TranslationVector="-0.006827 0.485013 -32.335310 1" RotationMatrix="0.999991 0.002864 -0.003173 0.000000 0.002869 -0.999995 0.001386 0.000000 -0.003169 -0.001395 -0.999994 0.000000 0.000000 0.000000 0.000000 1.000000 " CenterPx="602 183" ViewportPx="1226 370" FocalMm="4" LensDistortion="0 0" PixelSizeMm="0.005657 0.005657"/>
 <Plane semantic="1" fileName="000024.png"/>
</MLRaster>
<MLRaster label="000025.png">
<VCGCamera TranslationVector="-0.008305 0.512237 -33.717800 1" RotationMatrix="0.999992 0.001917 -0.003570 0.000000 0.001929 -0.999992 0.003499 0.000000 -0.003563 -0.003506 -0.999988 0.000000 0.000000 0.000000 0.000000 1.000000 " CenterPx="602 183" ViewportPx="1226 370" FocalMm="4" LensDistortion="0 0" PixelSizeMm="0.005657 0.005657"/>
 <Plane semantic="1" fileName="000025.png"/>
</MLRaster>
<MLRaster label="000026.png">
<VCGCamera TranslationVector="-0.010173 0.543116 -35.110830 1" RotationMatrix="0.999993 0.001021 -0.003498 0.000000 0.001035 -0.999992 0.003963 0.000000 -0.003494 -0.003967 -0.999986 0.000000 0.000000 0.000000 0.000000 1.000000 " CenterPx="602 183" ViewportPx="1226 370" FocalMm="4" LensDistortion="0 0" PixelSizeMm="0.005657 0.005657"/>
 <Plane semantic="1" fileName="000026.png"/>
</MLRaster>
<MLRaster label="000027.png">
<VCGCamera TranslationVector="-0.012119 0.574623 -36.507890 1" RotationMatrix="0.999994 0.000956 -0.003409 0.000000 0.000962 -0.999998 0.001659 0.000000 -0.003407 -0.001663 -0.999993 0.000000 0.000000 0.000000 0.000000 1.000000 " CenterPx="602 183" ViewportPx="1226 370" FocalMm="4" LensDistortion="0 0" PixelSizeMm="0.005657 0.005657"/>
 <Plane semantic="1" fileName="000027.png"/>
</MLRaster>
<MLRaster label="000028.png">
<VCGCamera TranslationVector="-0.015115 0.599901 -37.905890 1" RotationMatrix="0.999996 0.000189 -0.002986 0.000000 0.000189 -1.000000 0.000060 0.000000 -0.002986 -0.000061 -0.999996 0.000000 0.000000 0.000000 0.000000 1.000000 " CenterPx="602 183" ViewportPx="1226 370" FocalMm="4" LensDistortion="0 0" PixelSizeMm="0.005657 0.005657"/>
 <Plane semantic="1" fileName="000028.png"/>
</MLRaster>
<MLRaster label="000029.png">
<VCGCamera TranslationVector="-0.016969 0.623853 -39.301560 1" RotationMatrix="0.999992 -0.002515 -0.002963 0.000000 -0.002513 -0.999997 0.000379 0.000000 -0.002964 -0.000372 -0.999996 0.000000 0.000000 0.000000 0.000000 1.000000 " CenterPx="602 183" ViewportPx="1226 370" FocalMm="4" LensDistortion="0 0" PixelSizeMm="0.005657 0.005657"/>
 <Plane semantic="1" fileName="000029.png"/>
</MLRaster>
<MLRaster label="000030.png">
<VCGCamera TranslationVector="-0.019429 0.643712 -40.704370 1" RotationMatrix="0.999982 -0.005052 -0.003101 0.000000 -0.005050 -0.999987 0.000561 0.000000 -0.003104 -0.000546 -0.999995 0.000000 0.000000 0.000000 0.000000 1.000000 " CenterPx="602 183" ViewportPx="1226 370" FocalMm="4" LensDistortion="0 0" PixelSizeMm="0.005657 0.005657"/>
 <Plane semantic="1" fileName="000030.png"/>
</MLRaster>
<MLRaster label="000031.png">
<VCGCamera TranslationVector="-0.019163 0.670725 -42.111000 1" RotationMatrix="0.999969 -0.007204 -0.003111 0.000000 -0.007204 -0.999974 0.000050 0.000000 -0.003111 -0.000028 -0.999995 0.000000 0.000000 0.000000 0.000000 1.000000 " CenterPx="602 183" ViewportPx="1226 370" FocalMm="4" LensDistortion="0 0" PixelSizeMm="0.005657 0.005657"/>
 <Plane semantic="1" fileName="000031.png"/>
</MLRaster>
<MLRaster label="000032.png">
<VCGCamera TranslationVector="-0.021344 0.694132 -43.518580 1" RotationMatrix="0.999961 -0.008308 -0.002844 0.000000 -0.008309 -0.999965 -0.000229 0.000000 -0.002842 0.000252 -0.999996 0.000000 0.000000 0.000000 0.000000 1.000000 " CenterPx="602 183" ViewportPx="1226 370" FocalMm="4" LensDistortion="0 0" PixelSizeMm="0.005657 0.005657"/>
 <Plane semantic="1" fileName="000032.png"/>
</MLRaster>
<MLRaster label="000033.png">
<VCGCamera TranslationVector="-0.026224 0.717858 -44.928210 1" RotationMatrix="0.999971 -0.007260 -0.002412 0.000000 -0.007259 -0.999974 0.000183 0.000000 -0.002414 -0.000166 -0.999997 0.000000 0.000000 0.000000 0.000000 1.000000 " CenterPx="602 183" ViewportPx="1226 370" FocalMm="4" LensDistortion="0 0" PixelSizeMm="0.005657 0.005657"/>
 <Plane semantic="1" fileName="000033.png"/>
</MLRaster>
<MLRaster label="000034.png">
<VCGCamera TranslationVector="-0.030860 0.739025 -46.341270 1" RotationMatrix="0.999978 -0.006426 -0.001721 0.000000 -0.006425 -0.999979 0.000807 0.000000 -0.001726 -0.000796 -0.999998 0.000000 0.000000 0.000000 0.000000 1.000000 " CenterPx="602 183" ViewportPx="1226 370" FocalMm="4" LensDistortion="0 0" PixelSizeMm="0.005657 0.005657"/>
 <Plane semantic="1" fileName="000034.png"/>
</MLRaster>
<MLRaster label="000035.png">
<VCGCamera TranslationVector="-0.034080 0.761031 -47.757040 1" RotationMatrix="0.999983 -0.005800 -0.000762 0.000000 -0.005800 -0.999983 0.000066 0.000000 -0.000762 -0.000062 -1.000000 0.000000 0.000000 0.000000 0.000000 1.000000 " CenterPx="602 183" ViewportPx="1226 370" FocalMm="4" LensDistortion="0 0" PixelSizeMm="0.005657 0.005657"/>
 <Plane semantic="1" fileName="000035.png"/>
</MLRaster>
<MLRaster label="000036.png">
<VCGCamera TranslationVector="-0.033592 0.783986 -49.179630 1" RotationMatrix="0.999982 -0.006011 0.000241 0.000000 -0.006010 -0.999982 -0.000793 0.000000 0.000246 0.000791 -1.000000 0.000000 0.000000 0.000000 0.000000 1.000000 " CenterPx="602 183" ViewportPx="1226 370" FocalMm="4" LensDistortion="0 0" PixelSizeMm="0.005657 0.005657"/>
 <Plane semantic="1" fileName="000036.png"/>
</MLRaster>
<MLRaster label="000037.png">
<VCGCamera TranslationVector="-0.031755 0.805635 -50.602180 1" RotationMatrix="0.999977 -0.006649 0.001304 0.000000 -0.006648 -0.999977 -0.001053 0.000000 0.001311 0.001044 -0.999999 0.000000 0.000000 0.000000 0.000000 1.000000 " CenterPx="602 183" ViewportPx="1226 370" FocalMm="4" LensDistortion="0 0" PixelSizeMm="0.005657 0.005657"/>
 <Plane semantic="1" fileName="000037.png"/>
</MLRaster>
<MLRaster label="000038.png">
<VCGCamera TranslationVector="-0.028958 0.826541 -52.028310 1" RotationMatrix="0.999975 -0.006638 0.002479 0.000000 -0.006637 -0.999978 -0.000674 0.000000 0.002484 0.000658 -0.999997 0.000000 0.000000 0.000000 0.000000 1.000000 " CenterPx="602 183" ViewportPx="1226 370" FocalMm="4" LensDistortion="0 0" PixelSizeMm="0.005657 0.005657"/>
 <Plane semantic="1" fileName="000038.png"/>
</MLRaster>
<MLRaster label="000039.png">
<VCGCamera TranslationVector="-0.025370 0.845384 -53.457160 1" RotationMatrix="0.999970 -0.006883 0.003588 0.000000 -0.006876 -0.999974 -0.001954 0.000000 0.003602 0.001929 -0.999992 0.000000 0.000000 0.000000 0.000000 1.000000 " CenterPx="602 183" ViewportPx="1226 370" FocalMm="4" LensDistortion="0 0" PixelSizeMm="0.005657 0.005657"/>
 <Plane semantic="1" fileName="000039.png"/>
</MLRaster>
<MLRaster label="000040.png">
<VCGCamera TranslationVector="-0.020829 0.866832 -54.884640 1" RotationMatrix="0.999975 -0.005497 0.004387 0.000000 -0.005484 -0.999981 -0.002921 0.000000 0.004403 0.002897 -0.999986 0.000000 0.000000 0.000000 0.000000 1.000000 " CenterPx="602 183" ViewportPx="1226 370" FocalMm="4" LensDistortion="0 0" PixelSizeMm="0.005657 0.005657"/>
 <Plane semantic="1" fileName="000040.png"/>
</MLRaster>
<MLRaster label="000041.png">
<VCGCamera TranslationVector="-0.016809 0.886880 -56.316600 1" RotationMatrix="0.999979 -0.004003 0.005029 0.000000 -0.003989 -0.999988 -0.002833 0.000000 0.005040 0.002813 -0.999983 0.000000 0.000000 0.000000 0.000000 1.000000 " CenterPx="602 183" ViewportPx="1226 370" FocalMm="4" LensDistortion="0 0" PixelSizeMm="0.005657 0.005657"/>
 <Plane semantic="1" fileName="000041.png"/>
</MLRaster>
<MLRaster label="000042.png">
<VCGCamera TranslationVector="-0.013229 0.907244 -57.745500 1" RotationMatrix="0.999982 -0.001719 0.005654 0.000000 -0.001706 -0.999996 -0.002397 0.000000 0.005659 0.002387 -0.999981 0.000000 0.000000 0.000000 0.000000 1.000000 " CenterPx="602 183" ViewportPx="1226 370" FocalMm="4" LensDistortion="0 0" PixelSizeMm="0.005657 0.005657"/>
 <Plane semantic="1" fileName="000042.png"/>
</MLRaster>
<MLRaster label="000043.png">
<VCGCamera TranslationVector="-0.010075 0.924947 -59.173650 1" RotationMatrix="0.999984 -0.000375 0.005731 0.000000 -0.000359 -0.999996 -0.002834 0.000000 0.005732 0.002832 -0.999980 0.000000 0.000000 0.000000 0.000000 1.000000 " CenterPx="602 183" ViewportPx="1226 370" FocalMm="4" LensDistortion="0 0" PixelSizeMm="0.005657 0.005657"/>
 <Plane semantic="1" fileName="000043.png"/>
</MLRaster>
<MLRaster label="000044.png">
<VCGCamera TranslationVector="-0.006524 0.944604 -60.603180 1" RotationMatrix="0.999986 0.000836 0.005301 0.000000 0.000855 -0.999994 -0.003472 0.000000 0.005298 0.003477 -0.999980 0.000000 0.000000 0.000000 0.000000 1.000000 " CenterPx="602 183" ViewportPx="1226 370" FocalMm="4" LensDistortion="0 0" PixelSizeMm="0.005657 0.005657"/>
 <Plane semantic="1" fileName="000044.png"/>
</MLRaster>
<MLRaster label="000045.png">
<VCGCamera TranslationVector="-0.002764 0.964748 -62.027950 1" RotationMatrix="0.999986 0.001859 0.004918 0.000000 0.001879 -0.999990 -0.004102 0.000000 0.004910 0.004111 -0.999980 0.000000 0.000000 0.000000 0.000000 1.000000 " CenterPx="602 183" ViewportPx="1226 370" FocalMm="4" LensDistortion="0 0" PixelSizeMm="0.005657 0.005657"/>
 <Plane semantic="1" fileName="000045.png"/>
</MLRaster>
<MLRaster label="000046.png">
<VCGCamera TranslationVector="0.001308 0.987810 -63.451980 1" RotationMatrix="0.999983 0.003793 0.004489 0.000000 0.003809 -0.999986 -0.003669 0.000000 0.004475 0.003686 -0.999983 0.000000 0.000000 0.000000 0.000000 1.000000 " CenterPx="602 183" ViewportPx="1226 370" FocalMm="4" LensDistortion="0 0" PixelSizeMm="0.005657 0.005657"/>
 <Plane semantic="1" fileName="000046.png"/>
</MLRaster>
<MLRaster label="000047.png">
<VCGCamera TranslationVector="0.002874 1.008175 -64.871870 1" RotationMatrix="0.999978 0.005296 0.004008 0.000000 0.005308 -0.999982 -0.002821 0.000000 0.003993 0.002842 -0.999988 0.000000 0.000000 0.000000 0.000000 1.000000 " CenterPx="602 183" ViewportPx="1226 370" FocalMm="4" LensDistortion="0 0" PixelSizeMm="0.005657 0.005657"/>
 <Plane semantic="1" fileName="000047.png"/>
</MLRaster>
<MLRaster label="000048.png">
<VCGCamera TranslationVector="0.005954 1.029700 -66.289400 1" RotationMatrix="0.999981 0.005220 0.003360 0.000000 0.005228 -0.999984 -0.002252 0.000000 0.003348 0.002269 -0.999992 0.000000 0.000000 0.000000 0.000000 1.000000 " CenterPx="602 183" ViewportPx="1226 370" FocalMm="4" LensDistortion="0 0" PixelSizeMm="0.005657 0.005657"/>
 <Plane semantic="1" fileName="000048.png"/>
</MLRaster>
<MLRaster label="000049.png">
<VCGCamera TranslationVector="0.010020 1.050203 -67.703110 1" RotationMatrix="0.999991 0.003482 0.002553 0.000000 0.003488 -0.999991 -0.002316 0.000000 0.002545 0.002325 -0.999994 0.000000 0.000000 0.000000 0.000000 1.000000 " CenterPx="602 183" ViewportPx="1226 370" FocalMm="4" LensDistortion="0 0" PixelSizeMm="0.005657 0.005657"/>
 <Plane semantic="1" fileName="000049.png"/>
</MLRaster>
<MLRaster label="000050.png">
<VCGCamera TranslationVector="0.019364 1.076075 -69.115930 1" RotationMatrix="0.999998 0.000648 0.002069 0.000000 0.000656 -0.999993 -0.003650 0.000000 0.002066 0.003652 -0.999991 0.000000 0.000000 0.000000 0.000000 1.000000 " CenterPx="602 183" ViewportPx="1226 370" FocalMm="4" LensDistortion="0 0" PixelSizeMm="0.005657 0.005657"/>
 <Plane semantic="1" fileName="000050.png"/>
</MLRaster>
<MLRaster label="000051.png">
<VCGCamera TranslationVector="0.027023 1.097831 -70.530000 1" RotationMatrix="0.999995 -0.003013 0.001288 0.000000 -0.003006 -0.999983 -0.004961 0.000000 0.001303 0.004957 -0.999987 0.000000 0.000000 0.000000 0.000000 1.000000 " CenterPx="602 183" ViewportPx="1226 370" FocalMm="4" LensDistortion="0 0" PixelSizeMm="0.005657 0.005657"/>
 <Plane semantic="1" fileName="000051.png"/>
</MLRaster>
<MLRaster label="000052.png">
<VCGCamera TranslationVector="0.035134 1.118231 -71.939780 1" RotationMatrix="0.999978 -0.006660 0.000529 0.000000 -0.006657 -0.999963 -0.005511 0.000000 0.000565 0.005507 -0.999985 0.000000 0.000000 0.000000 0.000000 1.000000 " CenterPx="602 183" ViewportPx="1226 370" FocalMm="4" LensDistortion="0 0" PixelSizeMm="0.005657 0.005657"/>
 <Plane semantic="1" fileName="000052.png"/>
</MLRaster>
<MLRaster label="000053.png">
<VCGCamera TranslationVector="0.042147 1.135987 -73.339860 1" RotationMatrix="0.999938 -0.011151 -0.000136 0.000000 -0.011152 -0.999925 -0.005113 0.000000 -0.000079 0.005114 -0.999987 0.000000 0.000000 0.000000 0.000000 1.000000 " CenterPx="602 183" ViewportPx="1226 370" FocalMm="4" LensDistortion="0 0" PixelSizeMm="0.005657 0.005657"/>
 <Plane semantic="1" fileName="000053.png"/>
</MLRaster>
<MLRaster label="000054.png">
<VCGCamera TranslationVector="0.046776 1.153311 -74.742450 1" RotationMatrix="0.999899 -0.014217 -0.000850 0.000000 -0.014221 -0.999888 -0.004621 0.000000 -0.000785 0.004633 -0.999989 0.000000 0.000000 0.000000 0.000000 1.000000 " CenterPx="602 183" ViewportPx="1226 370" FocalMm="4" LensDistortion="0 0" PixelSizeMm="0.005657 0.005657"/>
 <Plane semantic="1" fileName="000054.png"/>
</MLRaster>
<MLRaster label="000055.png">
<VCGCamera TranslationVector="0.053277 1.177226 -76.144500 1" RotationMatrix="0.999865 -0.016366 -0.001545 0.000000 -0.016373 -0.999857 -0.004345 0.000000 -0.001474 0.004369 -0.999989 0.000000 0.000000 0.000000 0.000000 1.000000 " CenterPx="602 183" ViewportPx="1226 370" FocalMm="4" LensDistortion="0 0" PixelSizeMm="0.005657 0.005657"/>
 <Plane semantic="1" fileName="000055.png"/>
</MLRaster>
<MLRaster label="000056.png">
<VCGCamera TranslationVector="0.054585 1.197942 -77.540790 1" RotationMatrix="0.999860 -0.016638 -0.001884 0.000000 -0.016646 -0.999851 -0.004472 0.000000 -0.001809 0.004503 -0.999988 0.000000 0.000000 0.000000 0.000000 1.000000 " CenterPx="602 183" ViewportPx="1226 370" FocalMm="4" LensDistortion="0 0" PixelSizeMm="0.005657 0.005657"/>
 <Plane semantic="1" fileName="000056.png"/>
</MLRaster>
<MLRaster label="000057.png">
<VCGCamera TranslationVector="0.052873 1.218035 -78.934960 1" RotationMatrix="0.999879 -0.015402 -0.002041 0.000000 -0.015411 -0.999870 -0.004636 0.000000 -0.001969 0.004666 -0.999987 0.000000 0.000000 0.000000 0.000000 1.000000 " CenterPx="602 183" ViewportPx="1226 370" FocalMm="4" LensDistortion="0 0" PixelSizeMm="0.005657 0.005657"/>
 <Plane semantic="1" fileName="000057.png"/>
</MLRaster>
<MLRaster label="000058.png">
<VCGCamera TranslationVector="0.049543 1.236655 -80.325450 1" RotationMatrix="0.999897 -0.014236 -0.001959 0.000000 -0.014243 -0.999892 -0.003685 0.000000 -0.001907 0.003712 -0.999991 0.000000 0.000000 0.000000 0.000000 1.000000 " CenterPx="602 183" ViewportPx="1226 370" FocalMm="4" LensDistortion="0 0" PixelSizeMm="0.005657 0.005657"/>
 <Plane semantic="1" fileName="000058.png"/>
</MLRaster>
<MLRaster label="000059.png">
<VCGCamera TranslationVector="0.048832 1.258287 -81.710950 1" RotationMatrix="0.999908 -0.013490 -0.001677 0.000000 -0.013496 -0.999903 -0.003561 0.000000 -0.001629 0.003583 -0.999992 0.000000 0.000000 0.000000 0.000000 1.000000 " CenterPx="602 183" ViewportPx="1226 370" FocalMm="4" LensDistortion="0 0" PixelSizeMm="0.005657 0.005657"/>
 <Plane semantic="1" fileName="000059.png"/>
</MLRaster>
<MLRaster label="000060.png">
<VCGCamera TranslationVector="0.048388 1.278676 -83.097210 1" RotationMatrix="0.999907 -0.013534 -0.001448 0.000000 -0.013540 -0.999901 -0.003833 0.000000 -0.001396 0.003852 -0.999992 0.000000 0.000000 0.000000 0.000000 1.000000 " CenterPx="602 183" ViewportPx="1226 370" FocalMm="4" LensDistortion="0 0" PixelSizeMm="0.005657 0.005657"/>
 <Plane semantic="1" fileName="000060.png"/>
</MLRaster>
<MLRaster label="000061.png">
<VCGCamera TranslationVector="0.052691 1.300031 -84.483670 1" RotationMatrix="0.999914 -0.013080 -0.000909 0.000000 -0.013083 -0.999909 -0.003318 0.000000 -0.000865 0.003329 -0.999994 0.000000 0.000000 0.000000 0.000000 1.000000 " CenterPx="602 183" ViewportPx="1226 370" FocalMm="4" LensDistortion="0 0" PixelSizeMm="0.005657 0.005657"/>
 <Plane semantic="1" fileName="000061.png"/>
</MLRaster>
<MLRaster label="000062.png">
<VCGCamera TranslationVector="0.060720 1.320245 -85.865620 1" RotationMatrix="0.999910 -0.013435 -0.000187 0.000000 -0.013435 -0.999903 -0.003681 0.000000 -0.000138 0.003683 -0.999993 0.000000 0.000000 0.000000 0.000000 1.000000 " CenterPx="602 183" ViewportPx="1226 370" FocalMm="4" LensDistortion="0 0" PixelSizeMm="0.005657 0.005657"/>
 <Plane semantic="1" fileName="000062.png"/>
</MLRaster>
<MLRaster label="000063.png">
<VCGCamera TranslationVector="0.075180 1.343695 -87.250150 1" RotationMatrix="0.999915 -0.013054 0.000745 0.000000 -0.013051 -0.999905 -0.004397 0.000000 0.000803 0.004387 -0.999990 0.000000 0.000000 0.000000 0.000000 1.000000 " CenterPx="602 183" ViewportPx="1226 370" FocalMm="4" LensDistortion="0 0" PixelSizeMm="0.005657 0.005657"/>
 <Plane semantic="1" fileName="000063.png"/>
</MLRaster>
<MLRaster label="000064.png">
<VCGCamera TranslationVector="0.084376 1.362982 -88.629090 1" RotationMatrix="0.999938 -0.010931 0.001878 0.000000 -0.010920 -0.999925 -0.005459 0.000000 0.001938 0.005438 -0.999983 0.000000 0.000000 0.000000 0.000000 1.000000 " CenterPx="602 183" ViewportPx="1226 370" FocalMm="4" LensDistortion="0 0" PixelSizeMm="0.005657 0.005657"/>
 <Plane semantic="1" fileName="000064.png"/>
</MLRaster>
<MLRaster label="000065.png">
<VCGCamera TranslationVector="0.098132 1.382640 -90.006340 1" RotationMatrix="0.999957 -0.008791 0.003087 0.000000 -0.008772 -0.999942 -0.006176 0.000000 0.003141 0.006149 -0.999976 0.000000 0.000000 0.000000 0.000000 1.000000 " CenterPx="602 183" ViewportPx="1226 370" FocalMm="4" LensDistortion="0 0" PixelSizeMm="0.005657 0.005657"/>
 <Plane semantic="1" fileName="000065.png"/>
</MLRaster>
<MLRaster label="000066.png">
<VCGCamera TranslationVector="0.111047 1.399781 -91.375240 1" RotationMatrix="0.999970 -0.006803 0.003712 0.000000 -0.006780 -0.999957 -0.006342 0.000000 0.003755 0.006317 -0.999973 0.000000 0.000000 0.000000 0.000000 1.000000 " CenterPx="602 183" ViewportPx="1226 370" FocalMm="4" LensDistortion="0 0" PixelSizeMm="0.005657 0.005657"/>
 <Plane semantic="1" fileName="000066.png"/>
</MLRaster>
<MLRaster label="000067.png">
<VCGCamera TranslationVector="0.128335 1.418059 -92.741280 1" RotationMatrix="0.999976 -0.005510 0.004189 0.000000 -0.005486 -0.999969 -0.005664 0.000000 0.004220 0.005641 -0.999975 0.000000 0.000000 0.000000 0.000000 1.000000 " CenterPx="602 183" ViewportPx="1226 370" FocalMm="4" LensDistortion="0 0" PixelSizeMm="0.005657 0.005657"/>
 <Plane semantic="1" fileName="000067.png"/>
</MLRaster>
<MLRaster label="000068.png">
<VCGCamera TranslationVector="0.145460 1.435964 -94.103390 1" RotationMatrix="0.999981 -0.004282 0.004468 0.000000 -0.004259 -0.999978 -0.005144 0.000000 0.004490 0.005125 -0.999977 0.000000 0.000000 0.000000 0.000000 1.000000 " CenterPx="602 183" ViewportPx="1226 370" FocalMm="4" LensDistortion="0 0" PixelSizeMm="0.005657 0.005657"/>
 <Plane semantic="1" fileName="000068.png"/>
</MLRaster>
<MLRaster label="000069.png">
<VCGCamera TranslationVector="0.169705 1.456190 -95.460760 1" RotationMatrix="0.999977 -0.004941 0.004605 0.000000 -0.004920 -0.999977 -0.004763 0.000000 0.004628 0.004740 -0.999978 0.000000 0.000000 0.000000 0.000000 1.000000 " CenterPx="602 183" ViewportPx="1226 370" FocalMm="4" LensDistortion="0 0" PixelSizeMm="0.005657 0.005657"/>
 <Plane semantic="1" fileName="000069.png"/>
</MLRaster>
<MLRaster label="000070.png">
<VCGCamera TranslationVector="0.191341 1.476213 -96.813820 1" RotationMatrix="0.999979 -0.004739 0.004487 0.000000 -0.004720 -0.999981 -0.004070 0.000000 0.004507 0.004049 -0.999982 0.000000 0.000000 0.000000 0.000000 1.000000 " CenterPx="602 183" ViewportPx="1226 370" FocalMm="4" LensDistortion="0 0" PixelSizeMm="0.005657 0.005657"/>
 <Plane semantic="1" fileName="000070.png"/>
</MLRaster>
<MLRaster label="000071.png">
<VCGCamera TranslationVector="0.212031 1.496478 -98.165450 1" RotationMatrix="0.999976 -0.005462 0.004246 0.000000 -0.005448 -0.999979 -0.003395 0.000000 0.004265 0.003372 -0.999985 0.000000 0.000000 0.000000 0.000000 1.000000 " CenterPx="602 183" ViewportPx="1226 370" FocalMm="4" LensDistortion="0 0" PixelSizeMm="0.005657 0.005657"/>
 <Plane semantic="1" fileName="000071.png"/>
</MLRaster>
<MLRaster label="000072.png">
<VCGCamera TranslationVector="0.234406 1.517683 -99.515130 1" RotationMatrix="0.999968 -0.007061 0.003877 0.000000 -0.007047 -0.999969 -0.003525 0.000000 0.003902 0.003497 -0.999986 0.000000 0.000000 0.000000 0.000000 1.000000 " CenterPx="602 183" ViewportPx="1226 370" FocalMm="4" LensDistortion="0 0" PixelSizeMm="0.005657 0.005657"/>
 <Plane semantic="1" fileName="000072.png"/>
</MLRaster>
<MLRaster label="000073.png">
<VCGCamera TranslationVector="0.248572 1.534999 -100.860300 1" RotationMatrix="0.999965 -0.007529 0.003627 0.000000 -0.007511 -0.999960 -0.004900 0.000000 0.003664 0.004873 -0.999981 0.000000 0.000000 0.000000 0.000000 1.000000 " CenterPx="602 183" ViewportPx="1226 370" FocalMm="4" LensDistortion="0 0" PixelSizeMm="0.005657 0.005657"/>
 <Plane semantic="1" fileName="000073.png"/>
</MLRaster>
<MLRaster label="000074.png">
<VCGCamera TranslationVector="0.269402 1.556018 -102.205400 1" RotationMatrix="0.999955 -0.008834 0.003458 0.000000 -0.008811 -0.999940 -0.006460 0.000000 0.003515 0.006429 -0.999973 0.000000 0.000000 0.000000 0.000000 1.000000 " CenterPx="602 183" ViewportPx="1226 370" FocalMm="4" LensDistortion="0 0" PixelSizeMm="0.005657 0.005657"/>
 <Plane semantic="1" fileName="000074.png"/>
</MLRaster>
<MLRaster label="000075.png">
<VCGCamera TranslationVector="0.286760 1.575247 -103.545900 1" RotationMatrix="0.999960 -0.008302 0.003413 0.000000 -0.008285 -0.999952 -0.005150 0.000000 0.003456 0.005121 -0.999981 0.000000 0.000000 0.000000 0.000000 1.000000 " CenterPx="602 183" ViewportPx="1226 370" FocalMm="4" LensDistortion="0 0" PixelSizeMm="0.005657 0.005657"/>
 <Plane semantic="1" fileName="000075.png"/>
</MLRaster>
<MLRaster label="000076.png">
<VCGCamera TranslationVector="0.305326 1.596046 -104.884500 1" RotationMatrix="0.999961 -0.008174 0.003338 0.000000 -0.008166 -0.999964 -0.002507 0.000000 0.003359 0.002480 -0.999991 0.000000 0.000000 0.000000 0.000000 1.000000 " CenterPx="602 183" ViewportPx="1226 370" FocalMm="4" LensDistortion="0 0" PixelSizeMm="0.005657 0.005657"/>
 <Plane semantic="1" fileName="000076.png"/>
</MLRaster>
<MLRaster label="000077.png">
<VCGCamera TranslationVector="0.315395 1.613299 -106.220800 1" RotationMatrix="0.999965 -0.007633 0.003387 0.000000 -0.007629 -0.999970 -0.001330 0.000000 0.003397 0.001305 -0.999993 0.000000 0.000000 0.000000 0.000000 1.000000 " CenterPx="602 183" ViewportPx="1226 370" FocalMm="4" LensDistortion="0 0" PixelSizeMm="0.005657 0.005657"/>
 <Plane semantic="1" fileName="000077.png"/>
</MLRaster>
<MLRaster label="000078.png">
<VCGCamera TranslationVector="0.334309 1.638432 -107.565300 1" RotationMatrix="0.999980 -0.005505 0.003239 0.000000 -0.005496 -0.999981 -0.002635 0.000000 0.003253 0.002617 -0.999991 0.000000 0.000000 0.000000 0.000000 1.000000 " CenterPx="602 183" ViewportPx="1226 370" FocalMm="4" LensDistortion="0 0" PixelSizeMm="0.005657 0.005657"/>
 <Plane semantic="1" fileName="000078.png"/>
</MLRaster>
<MLRaster label="000079.png">
<VCGCamera TranslationVector="0.350813 1.661275 -108.906400 1" RotationMatrix="0.999992 -0.003142 0.002626 0.000000 -0.003130 -0.999984 -0.004745 0.000000 0.002641 0.004737 -0.999985 0.000000 0.000000 0.000000 0.000000 1.000000 " CenterPx="602 183" ViewportPx="1226 370" FocalMm="4" LensDistortion="0 0" PixelSizeMm="0.005657 0.005657"/>
 <Plane semantic="1" fileName="000079.png"/>
</MLRaster>
<MLRaster label="000080.png">
<VCGCamera TranslationVector="0.373776 1.686739 -110.244600 1" RotationMatrix="0.999997 -0.001561 0.001710 0.000000 -0.001552 -0.999984 -0.005407 0.000000 0.001718 0.005404 -0.999984 0.000000 0.000000 0.000000 0.000000 1.000000 " CenterPx="602 183" ViewportPx="1226 370" FocalMm="4" LensDistortion="0 0" PixelSizeMm="0.005657 0.005657"/>
 <Plane semantic="1" fileName="000080.png"/>
</MLRaster>
<MLRaster label="000081.png">
<VCGCamera TranslationVector="0.394315 1.710102 -111.576600 1" RotationMatrix="0.999999 -0.000676 0.001000 0.000000 -0.000672 -0.999992 -0.003960 0.000000 0.001003 0.003960 -0.999992 0.000000 0.000000 0.000000 0.000000 1.000000 " CenterPx="602 183" ViewportPx="1226 370" FocalMm="4" LensDistortion="0 0" PixelSizeMm="0.005657 0.005657"/>
 <Plane semantic="1" fileName="000081.png"/>
</MLRaster>
<MLRaster label="000082.png">
<VCGCamera TranslationVector="0.413713 1.733997 -112.905000 1" RotationMatrix="0.999997 -0.002581 0.000334 0.000000 -0.002581 -0.999995 -0.001557 0.000000 0.000338 0.001556 -0.999999 0.000000 0.000000 0.000000 0.000000 1.000000 " CenterPx="602 183" ViewportPx="1226 370" FocalMm="4" LensDistortion="0 0" PixelSizeMm="0.005657 0.005657"/>
 <Plane semantic="1" fileName="000082.png"/>
</MLRaster>
<MLRaster label="000083.png">
<VCGCamera TranslationVector="0.421968 1.753986 -114.228600 1" RotationMatrix="0.999989 -0.004533 -0.000748 0.000000 -0.004532 -0.999989 0.000646 0.000000 -0.000751 -0.000642 -1.000000 0.000000 0.000000 0.000000 0.000000 1.000000 " CenterPx="602 183" ViewportPx="1226 370" FocalMm="4" LensDistortion="0 0" PixelSizeMm="0.005657 0.005657"/>
 <Plane semantic="1" fileName="000083.png"/>
</MLRaster>
<MLRaster label="000084.png">
<VCGCamera TranslationVector="0.429590 1.775004 -115.560100 1" RotationMatrix="0.999969 -0.007570 -0.002161 0.000000 -0.007568 -0.999971 0.000875 0.000000 -0.002168 -0.000859 -0.999997 0.000000 0.000000 0.000000 0.000000 1.000000 " CenterPx="602 183" ViewportPx="1226 370" FocalMm="4" LensDistortion="0 0" PixelSizeMm="0.005657 0.005657"/>
 <Plane semantic="1" fileName="000084.png"/>
</MLRaster>
<MLRaster label="000085.png">
<VCGCamera TranslationVector="0.433478 1.794230 -116.893000 1" RotationMatrix="0.999953 -0.008997 -0.003597 0.000000 -0.009001 -0.999959 -0.001292 0.000000 -0.003585 0.001324 -0.999993 0.000000 0.000000 0.000000 0.000000 1.000000 " CenterPx="602 183" ViewportPx="1226 370" FocalMm="4" LensDistortion="0 0" PixelSizeMm="0.005657 0.005657"/>
 <Plane semantic="1" fileName="000085.png"/>
</MLRaster>
<MLRaster label="000086.png">
<VCGCamera TranslationVector="0.433415 1.811794 -118.227400 1" RotationMatrix="0.999948 -0.009080 -0.004667 0.000000 -0.009097 -0.999952 -0.003727 0.000000 -0.004633 0.003769 -0.999982 0.000000 0.000000 0.000000 0.000000 1.000000 " CenterPx="602 183" ViewportPx="1226 370" FocalMm="4" LensDistortion="0 0" PixelSizeMm="0.005657 0.005657"/>
 <Plane semantic="1" fileName="000086.png"/>
</MLRaster>
<MLRaster label="000087.png">
<VCGCamera TranslationVector="0.430614 1.825847 -119.561300 1" RotationMatrix="0.999953 -0.008078 -0.005450 0.000000 -0.008102 -0.999957 -0.004425 0.000000 -0.005414 0.004469 -0.999975 0.000000 0.000000 0.000000 0.000000 1.000000 " CenterPx="602 183" ViewportPx="1226 370" FocalMm="4" LensDistortion="0 0" PixelSizeMm="0.005657 0.005657"/>
 <Plane semantic="1" fileName="000087.png"/>
</MLRaster>
<MLRaster label="000088.png">
<VCGCamera TranslationVector="0.433415 1.846322 -120.904500 1" RotationMatrix="0.999942 -0.008587 -0.006469 0.000000 -0.008611 -0.999956 -0.003669 0.000000 -0.006437 0.003724 -0.999972 0.000000 0.000000 0.000000 0.000000 1.000000 " CenterPx="602 183" ViewportPx="1226 370" FocalMm="4" LensDistortion="0 0" PixelSizeMm="0.005657 0.005657"/>
 <Plane semantic="1" fileName="000088.png"/>
</MLRaster>
<MLRaster label="000089.png">
<VCGCamera TranslationVector="0.447293 1.880929 -122.268400 1" RotationMatrix="0.999917 -0.010350 -0.007709 0.000000 -0.010375 -0.999941 -0.003184 0.000000 -0.007676 0.003263 -0.999965 0.000000 0.000000 0.000000 0.000000 1.000000 " CenterPx="602 183" ViewportPx="1226 370" FocalMm="4" LensDistortion="0 0" PixelSizeMm="0.005657 0.005657"/>
 <Plane semantic="1" fileName="000089.png"/>
</MLRaster>
<MLRaster label="000090.png">
<VCGCamera TranslationVector="0.456074 1.910030 -123.624200 1" RotationMatrix="0.999884 -0.012380 -0.008850 0.000000 -0.012405 -0.999919 -0.002797 0.000000 -0.008814 0.002907 -0.999957 0.000000 0.000000 0.000000 0.000000 1.000000 " CenterPx="602 183" ViewportPx="1226 370" FocalMm="4" LensDistortion="0 0" PixelSizeMm="0.005657 0.005657"/>
 <Plane semantic="1" fileName="000090.png"/>
</MLRaster>
<MLRaster label="000091.png">
<VCGCamera TranslationVector="0.462255 1.940325 -124.983500 1" RotationMatrix="0.999864 -0.013137 -0.009963 0.000000 -0.013155 -0.999912 -0.001716 0.000000 -0.009940 0.001847 -0.999949 0.000000 0.000000 0.000000 0.000000 1.000000 " CenterPx="602 183" ViewportPx="1226 370" FocalMm="4" LensDistortion="0 0" PixelSizeMm="0.005657 0.005657"/>
 <Plane semantic="1" fileName="000091.png"/>
</MLRaster>
<MLRaster label="000092.png">
<VCGCamera TranslationVector="0.464133 1.966295 -126.337100 1" RotationMatrix="0.999838 -0.014232 -0.011051 0.000000 -0.014245 -0.999898 -0.001140 0.000000 -0.011034 0.001297 -0.999938 0.000000 0.000000 0.000000 0.000000 1.000000 " CenterPx="602 183" ViewportPx="1226 370" FocalMm="4" LensDistortion="0 0" PixelSizeMm="0.005657 0.005657"/>
 <Plane semantic="1" fileName="000092.png"/>
</MLRaster>
<MLRaster label="000093.png">
